start=9.885000
volume=70.000000
fullscreen=yes
