start=10.636000
volume=65.000000
fullscreen=yes
