start=3.337000
sub-delay=-0.100000
