start=10.636000
volume=60.000000
fullscreen=yes
