start=54.346000
volume=60.000000
fullscreen=yes
